EXPORTER_V20
MESH_EXPORT
MATERIALGROUP = 2
MATERIAL 0
DIFFUSE 0.588 0.588 0.588 1
AMBIENT 0.588 0.588 0.588 1
SPECULAR 0.9 0.9 0.9 1
EMISSIVE 0.588 0.588 0.588 0
POWER 0.0
TEXTURE_DIR_PATH 
TEXTURE  
SPECULAR_TEXTURE  
BUMP_TEXTURE  
SELFILLUM_TEXTURE  
MATERIAL 1
DIFFUSE 0.588 0.588 0.588 1
AMBIENT 0.588 0.588 0.588 1
SPECULAR 0.9 0.9 0.9 1
EMISSIVE 0.588 0.588 0.588 0
POWER 0.0
TEXTURE_DIR_PATH 
TEXTURE C:\3dsMax\cube_unfold.png
SPECULAR_TEXTURE  
BUMP_TEXTURE  
SELFILLUM_TEXTURE  
GEOMOBJECT_COUNT = 1
MESH_NAME = Box001
MATERIAL_COUNT = 1
MATERIAL_ID = 1
VERTEX = 14
5.0 -5.0 -5.00001
5.0 5.0 -5.00001
-5.0 5.0 -5.00001
5.0 5.0 4.99999
-5.0 -5.0 -5.00001
5.0 -5.0 4.99999
-5.0 -5.0 -5.00001
-5.0 -5.0 4.99999
-5.0 -5.0 4.99999
-5.0 5.0 4.99999
-5.0 -5.0 4.99999
-5.0 5.0 4.99999
-5.0 5.0 -5.00001
-5.0 5.0 4.99999
INDEX = 12
1 5 0
5 1 3
2 10 9
10 2 4
1 11 3
11 1 12
3 7 5
7 3 13
5 6 0
6 5 8
0 2 1
2 0 4
FACE-NORMAL = 12
1.0 1.19209e-007 0.0
1.0 1.19209e-007 0.0
-1.0 -1.19209e-007 0.0
-1.0 -1.19209e-007 0.0
0.0 1.0 0.0
0.0 1.0 0.0
0.0 0.0 1.0
0.0 0.0 1.0
0.0 -1.0 0.0
0.0 -1.0 0.0
0.0 0.0 -1.0
0.0 0.0 -1.0
TANGENT-BINORMAL = 12
0.0 1.0 0.0 0.0 0.0 1.0
0.0 1.0 0.0 0.0 0.0 1.0
0.0 -1.0 -1.89735e-007 0.0 -1.89735e-007 1.0
0.0 -1.0 0.0 0.0 0.0 1.0
0.0 1.0 0.0 -1.0 0.0 0.0
0.0 1.0 0.0 -1.0 0.0 0.0
-1.0 0.0 0.0 0.0 0.0 1.0
-1.0 0.0 0.0 0.0 0.0 1.0
0.0 1.0 0.0 1.0 0.0 0.0
0.0 1.0 0.0 1.0 0.0 0.0
1.0 0.0 1.51788e-007 -1.51788e-007 0.0 1.0
1.0 0.0 1.51788e-007 -1.51788e-007 0.0 1.0
TEXTURE-VERTEX = 14
0.489672 0.643427
0.489672 0.329281
0.251894 0.329281
0.729852 0.329281
0.251894 0.643427
0.729852 0.643427
0.489672 0.957573
0.970033 0.643427
0.729852 0.957573
0.0069098 0.329281
0.0069098 0.643427
0.729852 0.0151342
0.489672 0.0151342
0.970033 0.329281
TEXTURE-FACE = 12
1 5 0
5 1 3
2 10 9
10 2 4
1 11 3
11 1 12
3 7 5
7 3 13
5 6 0
6 5 8
0 2 1
2 0 4
ATTRIBUTE_COUNT = 0
VERTEXWEIGHT = 0
BONEOBJECT_COUNT = 0
